25.338
23.766
25.1288
23.4134
25.5958
25.0799
24.7203
25.1055
24.3773
21.4868
24.087
26.0618
27.9813
24.1782
22.0954
24.7251
24.4204
26.4415
26.6825
25.6424
23.4206
24.2681
25.473
21.1714
25.8577
24.3502
25.7052
24.7708
22.1053
24.023
24.6334
23.9285
23.7401
22.7044
24.6691
25.2265
25.8921
25.2854
25.1521
24.9667
26.316
27.5508
25.0152
26.4991
24.6512
25.2847
27.7181
27.2028
26.5827
25.8172
25.9471
26.0079
25.3031
25.3765
23.345
26.0912
27.0628
24.9663
24.4848
25.8195
25.9576
20.677
24.5315
24.8549
23.5823
24.4413
25.6516
23.5123
26.6178
25.309
23.7232
23.4673
24.1328
24.5925
25.6838
25.3425
26.5594
25.0496
23.0128
24.6097
24.7957
24.9396
26.3096
22.6028
24.6269
21.7091
25.8314
26.6039
25.9886
24.0048
25.9876
22.9868
25.7345
24.8088
24.2957
25.4961
23.9253
25.5623
26.1464
23.027
25.7518
24.7224
23.0423
25.8327
26.1095
25.0317
26.8064
25.1779
26.0824
23.6785
23.1218
24.9836
22.0762
23.12
22.3602
23.9659
23.5387
24.5109
24.7768
25.3479
22.7909
24.5052
22.6686
24.1705
18.9508
24.9161
23.7836
23.6783
23.7896
24.2288
25.8879
23.5307
24.6048
24.5221
22.0325
25.1024
25.1528
26.1511
24.8782
21.44
21.939
24.0218
23.7815
23.3767
25.1963
21.7959
25.7402
24.8571
23.5129
22.4444
23.4211
23.8371
24.856
24.1236
26.0654
24.5239
23.5405
23.3453
24.4394
23.1251
25.361
24.2323
25.2879
25.9425
25.5426
23.6052
25.4271
26.2875
23.2118
25.1632
24.5339
25.3172
22.7521
24.5016
26.4625
24.579
23.312
22.2936
23.8936
24.0854
23.1875
20.3103
23.4921
24.6032
22.1361
20.4496
24.3363
24.0945
22.4145
23.293
21.824
23.8028
21.2589
24.135
24.0509
23.1872
25.0755
22.8299
24.3898
24.2817
24.3207
22.3883
22.2922
24.6699
23.4586
23.0629
22.2764
25.5811
24.6006
25.1304
24.2399
23.9391
25.3831
25.0597
23.3403
23.8407
24.7185
24.2471
24.4467
22.5143
23.6086
23.5818
22.2062
23.6199
23.5715
24.6945
23.5105
25.0569
24.0374
23.9694
24.2549
23.6039
22.8013
25.9415
24.5178
22.6025
22.3402
26.4038
24.3401
23.906
23.7913
23.3995
22.3589
23.682
24.7104
24.3365
23.6651
23.6556
24.4764
23.2575
24.0219
25.545
24.6248
21.9683
23.8492
24.5565
23.5117
23.6813