23.93
23.83
23.24
24.68
23.77
23.53
22.83
22.28
24.4
23.79
23.97
23.74
22.79
23.56
23.73
22.82
22.45
24.03
23.92
23.54
23.32
24.16
24.49
23.46
23.77
23.58
23.2
23.65
23.47
23.36
24.43
23.84
23.12
23.53
23.8
23.53
23.86
22.69
24.22
23.33
23.15
23.17
23.3
23.58
23.69
23.98
22.8
24.82
23.28
24.02
24.4
23.11
23.64
23.09
23.21
24.57
23.34
23.15
24.09
23.5
23.9
23.5
24.14
23.12
23.17
23.29
23.32
24.04
22.61
23.88
21.8
24.17
23.92
23.96
23.24
23.4
23.34
23.98
25.02
23.57
23.98
24.05
24.1
23.17
22.77
24.12
24.1
24.3
24.36
23.75
24.51
23.68
23.72
24.65
23.5
23.82
24.11
23.9
24.19
23.35
23.51
22.91
24.52
22.98
24.61
22.9
23.42
24.76
22.45
23.22
23.31
25.05
23.61
24.26
23.37
23.1
23.88
24.21
22.84
23.47
23.19
24.68
24.25
24.79
24.4
24.13
23.74
22.35
22.69
23.14
23.71
23.6
23.02
23.17
24.43
23.6
24.38
23.42
24.1
24.3
23.72
23.73
23.98
24.35
22.48
23.47
23.98
23.43
22.86
22.98
22.66
23.39
23.49
24.37
23.89
22.46
23.38
24.1
23.14
23.71
23.87
24.09
23.53
23.97
23.7
25.12
23.16
22.97
23.51
23.06
23.46
23.9
23.67
23.18
23.4
23.75
23.63
24
23.63
23.93
23.32
23
24.3
23.7
23.1
23.09
22.43
23.1
23.07
22.93
23.55
23.92
24.64
22.9
24.14
24.13
23.79
24.51
23.29
23.03
22.98
24.07
23.26
24.34
23.75
24.17
24.44
23.37
23.38
24.13
24.14
23.89
23.04
22.7
23.79
23.82
23.32
24.04
23.48
24.23
24.13
23.44
23.41
23.79
24.09
23.51
24.52
24.66
23.13
23
22.67
22.89
23.22
23.8
23.23
23.28
24.25
22.78
24.4
23.44
23.52
24.17
23.04
24.77
23.72
23.91
22.83
aa
