Danny
13.31
13.23
13.21
13.1
13.39
13.39
13.48
13.23
13.44
13.09
13.23
13.67
13.26
13.48
13.39
13.43
13.43
13.53
13.56
13.15
13.44
13.51
13.61
13.57
13.61
13.57
13.15
13.22
13.17
13.33
13.15
13.45
13.59
13.56
13.5
13.36
13.12
13.08
13.15
13.65
13.41
13.16
13.62
13.52
13.19
13.47
13.02
12.99
13.36
13.56
13.21
13.5
13.18
13.19
13.21
13.58
13.25
13.42
13.57
13.11
13.5
13.53
13.2
13.42
13.55
13.4
12.93
13.28
13.47
13.57
13.03
13.19
13.26
13.32
13.4
13.15
13.19
13.28
13.14
13.32
13.01
13.45
13.08
13.28
13.32
13.07
13.54
13.11
13.45
13.11
13.35
13.19
13.5
13.39
13.28
13.25
13.61
13.5
13.55
13.47
